7
-1 26 86 -1 15 92 35
26 -1 26 -1 27 73 36
86 26 -1 2 35 30 29
-1 -1 2 -1 58 56 25
15 27 35 58 -1 26 29
92 73 30 56 26 -1 -1
35 36 29 25 29 -1 -1